1 1 1
2 1 2
2 1 3
2 1 4
2 1 5
2 1 6
3 1 7
3 1 8
3 1 9
3 1 10
3 1 11
3 1 12
3 1 13
3 1 14
3 1 15
3 1 16
3 1 17
3 1 18
3 1 19
3 1 20
3 1 21
3 1 22
3 1 23
3 1 24
3 1 25
3 1 26
3 1 27
3 1 28
3 1 29
3 1 30
3 1 31
3 1 32
3 1 33
3 1 34
3 1 35
4 1 36
1 2 1
1 2 2
3 2 3
3 2 4
3 2 5
3 2 6
3 2 7
3 2 8
3 2 9
3 2 10
3 2 11
3 2 12
3 2 13
3 2 14
3 2 15
3 2 16
3 2 17
3 2 18
1 4 1
1 4 2
1 4 3
3 4 4
3 4 5
3 4 6
3 4 7
3 4 8
3 4 9
3 4 10
3 4 11
3 4 12
3 4 13
3 4 14
3 4 15
3 4 16
3 4 17
3 4 18
3 4 19
3 4 20
3 4 21
3 4 22
3 4 23
3 4 24
3 4 25
3 4 26
3 4 27
3 4 28
3 4 29
3 4 30
3 4 31
3 4 32
3 4 33
3 4 34
3 4 35
