1 1 1
1 1 2
1 1 3
1 1 4
1 1 5
1 1 6
1 1 7
2 1 8
2 1 9
2 1 10
2 1 11
2 1 12
2 1 13
2 1 14
2 1 15
2 1 16
2 1 17
3 1 18
3 1 19
3 1 20
3 1 21
3 1 22
3 1 23
3 1 24
3 1 25
3 1 26
3 1 27
3 1 28
3 1 29
3 1 30
3 1 31
3 1 32
3 1 33
3 1 34
4 1 35
4 1 36
4 1 37
4 1 38
1 4 1
1 4 2
1 4 3
5 4 4
5 4 5
5 4 6
5 4 7
5 4 8
5 4 9
5 4 10
3 4 11
3 4 12
3 4 13
3 4 14
3 4 15
3 4 16
3 4 17
4 4 18
4 4 19
4 4 20
4 4 21
4 4 22
4 4 23
4 4 24
4 4 25
4 4 26
1 5 1
1 5 2
1 5 3
1 5 4
1 5 5
1 5 6
6 5 7
6 5 8
6 5 9
3 5 10
3 5 11
3 5 12
3 5 13
3 5 14
3 5 15
3 5 16
3 5 17
3 5 18
3 5 19
3 5 20
3 5 21
3 5 22
3 5 23
3 5 24